146.038754 309.123307 0.000000
158.762051 297.247311 0.000000
173.181787 282.826458 0.000000
185.905083 269.253890 0.000000
199.476599 251.439895 0.000000
217.289214 238.715613 0.000000
237.646488 217.508477 0.000000
260.548421 198.846196 0.000000
279.209256 175.942489 0.000000
303.807628 160.673350 0.000000
324.164902 144.555926 0.000000
346.218616 128.438502 0.000000
364.879451 114.865935 0.000000
382.692065 101.293368 0.000000
401.352900 85.175944 0.000000
420.861954 74.148233 0.000000
444.612107 65.665378 0.000000
467.514041 58.030809 0.000000
493.808853 51.244525 0.000000
503.987490 45.306527 0.000000
522.648325 42.761670 0.000000
548.094917 48.699669 0.000000
568.452191 52.941096 0.000000
598.988102 63.968807 0.000000
624.434695 71.603376 0.000000
645.640189 87.720800 0.000000
661.756364 99.596797 0.000000
678.720759 114.865935 0.000000
695.685154 134.376501 0.000000
709.256670 158.128494 0.000000
718.587087 181.880487 0.000000
719.435307 208.177336 0.000000
725.372845 223.446475 0.000000
725.372845 237.867328 0.000000
727.917505 260.771035 0.000000
724.524626 281.978172 0.000000
721.979966 304.881880 0.000000
720.283527 322.695875 0.000000
717.738868 340.509869 0.000000
714.345989 364.261862 0.000000
705.015571 383.772428 0.000000
690.595836 408.372707 0.000000
675.327880 433.821271 0.000000
662.604584 461.814691 0.000000
647.336628 484.718399 0.000000
630.372233 507.622106 0.000000
600.684542 529.677529 0.000000
569.300411 550.884665 0.000000
531.978742 578.878086 0.000000
494.657073 603.478364 0.000000
463.272942 627.230357 0.000000
430.192372 653.527207 0.000000
410.683317 664.554918 0.000000
387.781384 663.706632 0.000000
370.816989 670.492916 0.000000
355.549033 688.306911 0.000000
353.004374 705.272620 0.000000
331.798880 705.272620 0.000000
327.557782 713.755475 0.000000
297.870090 709.514048 0.000000
282.602135 740.900610 0.000000
265.637740 753.624892 0.000000
246.976905 754.473177 0.000000
241.887586 737.507468 0.000000
253.762663 719.693473 0.000000
270.727058 701.879479 0.000000
282.602135 688.306911 0.000000
284.298574 667.948060 0.000000
285.146794 645.892638 0.000000
297.870090 645.044352 0.000000
307.200507 654.375492 0.000000
336.039979 656.920349 0.000000
355.549033 648.437494 0.000000
360.638352 636.561498 0.000000
369.120549 628.078643 0.000000
391.174263 611.961219 0.000000
397.960021 604.326650 0.000000
432.737031 582.271228 0.000000
448.853206 561.912376 0.000000
462.424722 561.912376 0.000000
474.299799 547.491523 0.000000
487.871315 538.160383 0.000000
503.139270 516.104961 0.000000
526.889423 512.711819 0.000000
532.826962 489.808112 0.000000
557.425334 466.904404 0.000000
558.273554 449.938695 0.000000
567.603972 446.545553 0.000000
573.541510 432.972985 0.000000
585.416586 423.641845 0.000000
592.202344 410.069278 0.000000
601.532762 404.131279 0.000000
617.648937 376.137859 0.000000
632.068673 357.475579 0.000000
643.095529 330.330444 0.000000
657.515265 303.185309 0.000000
665.149243 279.433316 0.000000
666.845683 258.226179 0.000000
665.997463 236.170757 0.000000
658.363485 215.811906 0.000000
647.336628 202.239338 0.000000
630.372233 170.852776 0.000000
622.738255 154.735352 0.000000
615.952497 132.679930 0.000000
596.443443 130.135073 0.000000
574.389730 119.955648 0.000000
547.246697 119.955648 0.000000
514.166127 110.624508 0.000000
487.871315 119.107362 0.000000
464.969381 135.224786 0.000000
447.156767 125.045361 0.000000
431.888811 139.466214 0.000000
413.227977 155.583637 0.000000
393.718922 176.790774 0.000000
360.638352 192.908198 0.000000
341.129298 216.660191 0.000000
317.379144 235.322471 0.000000
305.504068 256.529608 0.000000
287.691453 273.495317 0.000000
274.119937 293.005883 0.000000
256.307322 315.909591 0.000000
236.798268 334.571871 0.000000
214.744554 354.082437 0.000000
185.905083 368.503290 0.000000
155.369172 384.620714 0.000000
136.708337 368.503290 0.000000
115.502843 387.165570 0.000000
113.806404 404.131279 0.000000
97.690229 413.462420 0.000000
98.538448 431.276414 0.000000
86.663372 447.393838 0.000000
82.422273 453.331837 0.000000
82.422273 464.359548 0.000000
69.698977 478.780401 0.000000
60.368559 460.966406 0.000000
57.823900 421.945274 0.000000
66.306098 404.979565 0.000000
83.270493 383.772428 0.000000
92.600910 360.868721 0.000000
112.109964 348.992724 0.000000
123.985041 331.178729 0.000000
135.860117 319.302733 0.000000
