71.870449 286.523256 0.000000
74.355306 266.021595 0.000000
81.809878 251.111296 0.000000
92.991736 228.745847 0.000000
106.037237 210.729236 0.000000
121.567595 198.303987 0.000000
136.476739 188.363787 0.000000
155.734383 179.666113 0.000000
178.098099 177.181063 0.000000
207.295173 179.666113 0.000000
222.204317 191.470100 0.000000
229.037674 202.652824 0.000000
249.537747 195.818937 0.000000
278.113607 196.440199 0.000000
299.856108 202.652824 0.000000
324.704681 212.593023 0.000000
347.689612 229.367110 0.000000
365.704827 244.277409 0.000000
377.507899 264.157807 0.000000
389.310972 282.795681 0.000000
394.280686 308.888704 0.000000
394.280686 328.147841 0.000000
388.689757 356.725914 0.000000
380.613971 376.606312 0.000000
368.189684 394.622924 0.000000
341.477468 405.805648 0.000000
321.598610 413.882060 0.000000
298.613679 413.260797 0.000000
281.840893 407.669435 0.000000
265.068106 405.184385 0.000000
245.810461 407.669435 0.000000
219.098245 405.184385 0.000000
194.249672 403.941860 0.000000
171.264742 400.835548 0.000000
148.901026 399.593023 0.000000
133.370667 401.456811 0.000000
111.628166 403.941860 0.000000
89.885664 396.486711 0.000000
76.218949 377.227575 0.000000
76.840163 355.483389 0.000000
79.946235 333.739203 0.000000
76.218949 308.888704 0.000000
