107.900880 227.503322 0.000000
115.976666 217.563123 0.000000
127.779739 205.137874 0.000000
145.173740 195.818937 0.000000
164.431384 187.742525 0.000000
181.825385 185.257475 0.000000
198.598172 187.742525 0.000000
209.780030 195.818937 0.000000
200.461815 206.380399 0.000000
187.416314 219.426910 0.000000
176.855671 235.579734 0.000000
183.067814 257.323920 0.000000
181.825385 276.583056 0.000000
183.067814 301.433555 0.000000
189.279957 325.041528 0.000000
194.249672 339.951827 0.000000
201.704244 356.104651 0.000000
208.537602 369.772425 0.000000
211.022459 382.197674 0.000000
197.976958 387.789037 0.000000
179.340528 385.925249 0.000000
156.976812 382.197674 0.000000
140.825239 384.682724 0.000000
120.325167 388.410299 0.000000
106.037237 372.257475 0.000000
92.370522 350.513289 0.000000
96.719022 332.496678 0.000000
94.234165 314.480066 0.000000
90.506879 296.463455 0.000000
92.991736 280.310631 0.000000
95.476593 258.566445 0.000000
100.446308 241.792359 0.000000
