228.416460 271.612957 0.000000
229.658889 254.838870 0.000000
234.628603 236.822259 0.000000
250.158962 221.290698 0.000000
265.689320 215.078073 0.000000
286.189393 220.669435 0.000000
301.098537 231.230897 0.000000
322.841038 241.171096 0.000000
340.235040 253.596346 0.000000
355.144184 267.885382 0.000000
366.326041 287.144518 0.000000
363.841184 305.782392 0.000000
362.598756 327.526578 0.000000
354.522969 346.785714 0.000000
338.992611 356.725914 0.000000
324.704681 367.908638 0.000000
302.962180 373.500000 0.000000
275.007535 366.666113 0.000000
247.052890 358.589701 0.000000
231.522532 335.602990 0.000000
227.174031 314.480066 0.000000
226.552817 291.493355 0.000000
